0       0      0
0.222222       0      0
0.444444       0      0
0.666667       0      0
0.888889       0      0
1.11111       0      0
1.33333       0      0
1.55556       0      0
1.77778       0      0
2       0      0
0       0.111111      0
0.222222       0.111111      0.739739
0.444444       0.111111      0.275366
0.666667       0.111111      -0.634036
0.888889       0.111111      -0.49159
1.11111       0.111111      0.464711
1.33333       0.111111      0.65424
1.55556       0.111111      -0.232742
1.77778       0.111111      -0.722176
2       0.111111      0
0       0.222222      0
0.222222       0.222222      1.79526
0.444444       0.222222      0.651612
0.666667       0.222222      -1.55235
0.888889       0.222222      -1.18381
1.11111       0.222222      1.14391
1.33333       0.222222      1.58417
1.55556       0.222222      -0.583356
1.77778       0.222222      -1.76331
2       0.222222      0
0       0.333333      0
0.222222       0.333333      3.55884
0.444444       0.333333      1.26562
0.666667       0.333333      -3.10015
0.888889       0.333333      -2.33384
1.11111       0.333333      2.2934
1.33333       0.333333      3.13558
1.55556       0.333333      -1.18909
1.77778       0.333333      -3.519
2       0.333333      0
0       0.444444      0
0.222222       0.444444      6.59889
0.444444       0.444444      2.31714
0.666667       0.444444      -5.77607
0.888889       0.444444      -4.31477
1.11111       0.444444      4.28216
1.33333       0.444444      5.80873
1.55556       0.444444      -2.24693
1.77778       0.444444      -6.55928
2       0.444444      0
0       0.555556      0
0.222222       0.555556      11.6648
0.444444       0.555556      4.06953
0.666667       0.555556      -10.2367
0.888889       0.555556      -7.61785
1.11111       0.555556      7.59617
1.33333       0.555556      10.2626
1.55556       0.555556      -4.01443
1.77778       0.555556      -11.6323
2       0.555556      0
0       0.666667      0
0.222222       0.666667      19.3558
0.444444       0.666667      6.73326
0.666667       0.666667      -17.0064
0.888889       0.666667      -12.6356
1.11111       0.666667      12.6239
1.33333       0.666667      17.0237
1.55556       0.666667      -6.69559
1.77778       0.666667      -19.3346
2       0.666667      0
0       0.777778      0
0.222222       0.777778      28.646
0.444444       0.777778      9.95301
0.666667       0.777778      -25.1804
0.888889       0.777778      -18.6997
1.11111       0.777778      18.6953
1.33333       0.777778      25.1886
1.55556       0.777778      -9.92941
1.77778       0.777778      -28.639
2       0.777778      0
0       0.888889      0
0.222222       0.888889      31.9212
0.444444       0.888889      11.0831
0.666667       0.888889      -28.0593
0.888889       0.888889      -20.8423
1.11111       0.888889      20.8431
1.33333       0.888889      28.0567
1.55556       0.888889      -11.0642
1.77778       0.888889      -31.9337
2       0.888889      0
0       1      0
0.222222       1      0.0071292
0.444444       1      -0.014258
0.666667       1      0.0213862
0.888889       1      -0.0285132
1.11111       1      0.0356388
1.33333       1      -0.0427625
1.55556       1      0.0498841
1.77778       1      -0.0570032
2       1      0.0641194
